              precision    recall  f1-score   support

           0     0.7704    0.6933    0.7298       150
           1     0.8425    0.7535    0.7955       142
           2     0.9051    0.9051    0.9051       137
           3     0.8929    0.7353    0.8065       136
           4     0.8333    0.8099    0.8214       142
           5     0.8857    0.9185    0.9018       135
           6     0.8133    0.8531    0.8328       143
           7     0.8857    0.6889    0.7750       135
           8     0.8892    0.9449    0.9162      1215

    accuracy                         0.8724      2335
   macro avg     0.8576    0.8114    0.8316      2335
weighted avg     0.8714    0.8724    0.8700      2335
