              precision    recall  f1-score   support

           0     0.7727    0.7933    0.7829       150
           1     0.8493    0.8732    0.8611       142
           2     0.9173    0.8841    0.9004       138
           3     0.8990    0.6496    0.7542       137
           4     0.8054    0.8451    0.8247       142
           5     0.8366    0.9552    0.8920       134
           6     0.8155    0.9580    0.8810       143
           7     0.8034    0.6963    0.7460       135
           8     0.9112    0.9127    0.9119      1214

    accuracy                         0.8741      2335
   macro avg     0.8456    0.8408    0.8394      2335
weighted avg     0.8754    0.8741    0.8727      2335
