              precision    recall  f1-score   support

           0     0.7266    0.6733    0.6990       150
           1     0.8943    0.7746    0.8302       142
           2     0.8050    0.9343    0.8649       137
           3     0.8652    0.5662    0.6844       136
           4     0.8195    0.7676    0.7927       142
           5     0.8451    0.8889    0.8664       135
           6     0.7043    0.9161    0.7964       143
           7     0.7279    0.7279    0.7279       136
           8     0.8909    0.9012    0.8960      1214

    accuracy                         0.8433      2335
   macro avg     0.8088    0.7945    0.7953      2335
weighted avg     0.8461    0.8433    0.8413      2335
