              precision    recall  f1-score   support

           0     0.7933    0.7933    0.7933       150
           1     0.8012    0.9085    0.8515       142
           2     0.9343    0.9343    0.9343       137
           3     0.8818    0.7132    0.7886       136
           4     0.8923    0.8169    0.8529       142
           5     0.8446    0.9259    0.8834       135
           6     0.8506    0.9161    0.8822       143
           7     0.7967    0.7259    0.7597       135
           8     0.9231    0.9284    0.9257      1215

    accuracy                         0.8869      2335
   macro avg     0.8576    0.8514    0.8524      2335
weighted avg     0.8874    0.8869    0.8861      2335
