              precision    recall  f1-score   support

           0     0.7688    0.8200    0.7935       150
           1     0.9248    0.8662    0.8945       142
           2     0.9542    0.9058    0.9294       138
           3     0.9032    0.8175    0.8582       137
           4     0.8224    0.8803    0.8503       142
           5     0.8696    0.8955    0.8824       134
           6     0.8844    0.9091    0.8966       143
           7     0.8134    0.8074    0.8104       135
           8     0.9334    0.9349    0.9342      1214

    accuracy                         0.9002      2335
   macro avg     0.8749    0.8707    0.8722      2335
weighted avg     0.9014    0.9002    0.9004      2335
