              precision    recall  f1-score   support

           0     0.7677    0.7933    0.7803       150
           1     0.8591    0.9014    0.8797       142
           2     0.9103    0.9635    0.9362       137
           3     0.8387    0.7647    0.8000       136
           4     0.8864    0.8239    0.8540       142
           5     0.8511    0.8889    0.8696       135
           6     0.8562    0.8741    0.8651       143
           7     0.8559    0.6985    0.7692       136
           8     0.9180    0.9316    0.9248      1214

    accuracy                         0.8869      2335
   macro avg     0.8604    0.8489    0.8532      2335
weighted avg     0.8865    0.8869    0.8859      2335
