              precision    recall  f1-score   support

           0     0.8211    0.6733    0.7399       150
           1     0.8561    0.7958    0.8248       142
           2     0.8686    0.8623    0.8655       138
           3     0.8235    0.6131    0.7029       137
           4     0.7466    0.7676    0.7569       142
           5     0.8849    0.9179    0.9011       134
           6     0.6749    0.9580    0.7919       143
           7     0.7481    0.7259    0.7368       135
           8     0.8887    0.8946    0.8916      1214

    accuracy                         0.8437      2335
   macro avg     0.8125    0.8010    0.8013      2335
weighted avg     0.8473    0.8437    0.8425      2335
