              precision    recall  f1-score   support

           0     0.7037    0.6756    0.6893       225
           1     0.7328    0.7981    0.7640       213
           2     0.8643    0.8350    0.8494       206
           3     0.9200    0.3382    0.4946       204
           4     0.7431    0.7606    0.7517       213
           5     0.8925    0.8218    0.8557       202
           6     0.5893    0.9209    0.7187       215
           7     0.6978    0.6256    0.6597       203
           8     0.8606    0.8781    0.8693      1821

    accuracy                         0.8038      3502
   macro avg     0.7782    0.7393    0.7392      3502
weighted avg     0.8150    0.8038    0.7990      3502
