              precision    recall  f1-score   support

           0     0.7453    0.8000    0.7717       150
           1     0.9000    0.8873    0.8936       142
           2     0.8993    0.9124    0.9058       137
           3     0.8615    0.8235    0.8421       136
           4     0.8841    0.8592    0.8714       142
           5     0.8889    0.8889    0.8889       135
           6     0.9091    0.9091    0.9091       143
           7     0.8480    0.7852    0.8154       135
           8     0.9314    0.9383    0.9348      1215

    accuracy                         0.8998      2335
   macro avg     0.8742    0.8671    0.8703      2335
weighted avg     0.9000    0.8998    0.8997      2335
