              precision    recall  f1-score   support

           0     0.8000    0.7467    0.7724       150
           1     0.7755    0.8028    0.7889       142
           2     0.8647    0.8394    0.8519       137
           3     0.6689    0.7279    0.6972       136
           4     0.8309    0.7958    0.8129       142
           5     0.8906    0.8444    0.8669       135
           6     0.7633    0.9021    0.8269       143
           7     0.8305    0.7259    0.7747       135
           8     0.9005    0.9012    0.9009      1215

    accuracy                         0.8518      2335
   macro avg     0.8139    0.8096    0.8103      2335
weighted avg     0.8536    0.8518    0.8519      2335
