              precision    recall  f1-score   support

           0     0.8727    0.6400    0.7385       150
           1     0.8143    0.8028    0.8085       142
           2     0.8955    0.8696    0.8824       138
           3     0.8229    0.5766    0.6781       137
           4     0.8102    0.7817    0.7957       142
           5     0.8176    0.9030    0.8582       134
           6     0.7843    0.8392    0.8108       143
           7     0.7934    0.7111    0.7500       135
           8     0.8657    0.9242    0.8940      1214

    accuracy                         0.8475      2335
   macro avg     0.8307    0.7831    0.8018      2335
weighted avg     0.8470    0.8475    0.8440      2335
