              precision    recall  f1-score   support

           0     0.6779    0.6733    0.6756       150
           1     0.8306    0.7254    0.7744       142
           2     0.9302    0.8759    0.9023       137
           3     0.8198    0.6691    0.7368       136
           4     0.8095    0.8380    0.8235       142
           5     0.8496    0.8370    0.8433       135
           6     0.8462    0.8462    0.8462       143
           7     0.8571    0.5735    0.6872       136
           8     0.8609    0.9275    0.8929      1214

    accuracy                         0.8445      2335
   macro avg     0.8313    0.7740    0.7980      2335
weighted avg     0.8441    0.8445    0.8413      2335
