              precision    recall  f1-score   support

           0     0.8981    0.8622    0.8798       225
           1     0.9014    0.9014    0.9014       213
           2     0.9279    0.9369    0.9324       206
           3     0.9568    0.7598    0.8470       204
           4     0.8673    0.9202    0.8929       213
           5     0.9043    0.9356    0.9197       202
           6     0.8865    0.9442    0.9144       215
           7     0.8082    0.8719    0.8389       203
           8     0.9538    0.9533    0.9536      1821

    accuracy                         0.9238      3502
   macro avg     0.9005    0.8984    0.8978      3502
weighted avg     0.9250    0.9238    0.9235      3502
