              precision    recall  f1-score   support

           0     0.8868    0.8393    0.8624       168
           1     0.8343    0.8868    0.8598       159
           2     0.9304    0.9545    0.9423       154
           3     0.9248    0.7987    0.8571       154
           4     0.8970    0.9308    0.9136       159
           5     0.8994    0.9408    0.9196       152
           6     0.8539    0.9441    0.8968       161
           7     0.8414    0.7974    0.8188       153
           8     0.9515    0.9473    0.9494      1366

    accuracy                         0.9181      2626
   macro avg     0.8910    0.8933    0.8911      2626
weighted avg     0.9187    0.9181    0.9178      2626
