              precision    recall  f1-score   support

           0     0.8647    0.8750    0.8698       168
           1     0.9427    0.9308    0.9367       159
           2     0.9481    0.9481    0.9481       154
           3     0.9856    0.8896    0.9352       154
           4     0.9146    0.9434    0.9288       159
           5     0.9474    0.9474    0.9474       152
           6     0.9321    0.9379    0.9350       161
           7     0.8415    0.9020    0.8707       153
           8     0.9663    0.9649    0.9656      1366

    accuracy                         0.9440      2626
   macro avg     0.9270    0.9266    0.9263      2626
weighted avg     0.9448    0.9440    0.9442      2626
