              precision    recall  f1-score   support

           0     0.8457    0.8810    0.8630       168
           1     0.8841    0.9119    0.8978       159
           2     0.9557    0.9805    0.9679       154
           3     0.9658    0.7338    0.8339       154
           4     0.8922    0.9371    0.9141       159
           5     0.9226    0.9408    0.9316       152
           6     0.8994    0.9441    0.9212       161
           7     0.7725    0.8431    0.8063       153
           8     0.9594    0.9510    0.9551      1366

    accuracy                         0.9250      2626
   macro avg     0.8997    0.9026    0.8990      2626
weighted avg     0.9269    0.9250    0.9248      2626
