              precision    recall  f1-score   support

           0     0.7871    0.7262    0.7554       168
           1     0.7831    0.8176    0.8000       159
           2     0.9195    0.8896    0.9043       154
           3     0.9643    0.5260    0.6807       154
           4     0.8773    0.8994    0.8882       159
           5     0.8662    0.8947    0.8803       152
           6     0.7512    0.9379    0.8343       161
           7     0.8333    0.6863    0.7527       153
           8     0.8940    0.9327    0.9129      1366

    accuracy                         0.8679      2626
   macro avg     0.8529    0.8123    0.8232      2626
weighted avg     0.8712    0.8679    0.8643      2626
