              precision    recall  f1-score   support

           0     0.7337    0.8036    0.7670       168
           1     0.8808    0.8365    0.8581       159
           2     0.9338    0.9156    0.9246       154
           3     0.8790    0.7078    0.7842       154
           4     0.8276    0.9057    0.8649       159
           5     0.9267    0.9145    0.9205       152
           6     0.7217    0.9503    0.8204       161
           7     0.7635    0.7386    0.7508       153
           8     0.9362    0.9129    0.9244      1366

    accuracy                         0.8812      2626
   macro avg     0.8448    0.8539    0.8461      2626
weighted avg     0.8860    0.8812    0.8818      2626
