              precision    recall  f1-score   support

           0     0.8313    0.8214    0.8263       168
           1     0.9128    0.8553    0.8831       159
           2     0.9267    0.9026    0.9145       154
           3     0.9706    0.6429    0.7734       154
           4     0.8400    0.9245    0.8802       159
           5     0.8931    0.9342    0.9132       152
           6     0.8457    0.9193    0.8810       161
           7     0.8760    0.7386    0.8014       153
           8     0.9141    0.9510    0.9322      1366

    accuracy                         0.8991      2626
   macro avg     0.8900    0.8544    0.8673      2626
weighted avg     0.9007    0.8991    0.8971      2626
