              precision    recall  f1-score   support

           0     0.8500    0.9107    0.8793       168
           1     0.9477    0.9119    0.9295       159
           2     0.9494    0.9740    0.9615       154
           3     0.9919    0.7922    0.8809       154
           4     0.9313    0.9371    0.9342       159
           5     0.9484    0.9671    0.9577       152
           6     0.8659    0.9627    0.9118       161
           7     0.8803    0.8170    0.8475       153
           8     0.9615    0.9685    0.9650      1366

    accuracy                         0.9402      2626
   macro avg     0.9251    0.9157    0.9186      2626
weighted avg     0.9414    0.9402    0.9398      2626
