              precision    recall  f1-score   support

           0     0.8280    0.9167    0.8701       168
           1     0.9423    0.9245    0.9333       159
           2     0.9487    0.9610    0.9548       154
           3     0.9328    0.8117    0.8681       154
           4     0.8935    0.9497    0.9207       159
           5     0.9662    0.9408    0.9533       152
           6     0.8827    0.9814    0.9294       161
           7     0.8086    0.8562    0.8317       153
           8     0.9686    0.9473    0.9578      1366

    accuracy                         0.9334      2626
   macro avg     0.9079    0.9210    0.9133      2626
weighted avg     0.9355    0.9334    0.9337      2626
