              precision    recall  f1-score   support

           0     0.8036    0.8036    0.8036       168
           1     0.8302    0.8302    0.8302       159
           2     0.9161    0.9221    0.9191       154
           3     0.9664    0.7468    0.8425       154
           4     0.8772    0.9434    0.9091       159
           5     0.9514    0.9013    0.9257       152
           6     0.8249    0.9068    0.8639       161
           7     0.8689    0.6928    0.7709       153
           8     0.9150    0.9451    0.9298      1366

    accuracy                         0.8964      2626
   macro avg     0.8837    0.8547    0.8661      2626
weighted avg     0.8974    0.8964    0.8951      2626
