              precision    recall  f1-score   support

           0     0.8365    0.7917    0.8135       168
           1     0.8820    0.8931    0.8875       159
           2     0.9308    0.9610    0.9457       154
           3     0.9624    0.8312    0.8920       154
           4     0.8588    0.9560    0.9048       159
           5     0.9379    0.8947    0.9158       152
           6     0.8713    0.9255    0.8976       161
           7     0.8101    0.8366    0.8232       153
           8     0.9523    0.9502    0.9513      1366

    accuracy                         0.9193      2626
   macro avg     0.8936    0.8933    0.8924      2626
weighted avg     0.9202    0.9193    0.9192      2626
