              precision    recall  f1-score   support

           0     0.8000    0.7619    0.7805       168
           1     0.8371    0.9371    0.8843       159
           2     0.9635    0.8571    0.9072       154
           3     0.9618    0.8182    0.8842       154
           4     0.8415    0.9686    0.9006       159
           5     0.9784    0.8947    0.9347       152
           6     0.9329    0.9503    0.9415       161
           7     0.7925    0.8235    0.8077       153
           8     0.9455    0.9517    0.9486      1366

    accuracy                         0.9155      2626
   macro avg     0.8948    0.8848    0.8877      2626
weighted avg     0.9175    0.9155    0.9154      2626
