              precision    recall  f1-score   support

           0     0.8673    0.8133    0.8394       225
           1     0.8398    0.8122    0.8258       213
           2     0.9223    0.9223    0.9223       206
           3     0.9337    0.7598    0.8378       204
           4     0.8333    0.9390    0.8830       213
           5     0.9347    0.9208    0.9277       202
           6     0.8553    0.9349    0.8933       215
           7     0.8362    0.7291    0.7789       203
           8     0.9280    0.9489    0.9384      1821

    accuracy                         0.9035      3502
   macro avg     0.8834    0.8645    0.8719      3502
weighted avg     0.9036    0.9035    0.9024      3502
