              precision    recall  f1-score   support

           0     0.8604    0.7864    0.8217       337
           1     0.8296    0.8088    0.8190       319
           2     0.9159    0.9159    0.9159       309
           3     0.9145    0.6971    0.7911       307
           4     0.8694    0.9185    0.8933       319
           5     0.9486    0.9142    0.9311       303
           6     0.8475    0.9317    0.8876       322
           7     0.8290    0.7311    0.7770       305
           8     0.9148    0.9506    0.9323      2732

    accuracy                         0.8966      5253
   macro avg     0.8811    0.8505    0.8632      5253
weighted avg     0.8962    0.8966    0.8949      5253
