              precision    recall  f1-score   support

           0     0.8478    0.8667    0.8571       225
           1     0.9302    0.9390    0.9346       213
           2     0.9479    0.9709    0.9592       206
           3     0.9583    0.7892    0.8656       204
           4     0.8879    0.9296    0.9083       213
           5     0.9602    0.9554    0.9578       202
           6     0.9286    0.9674    0.9476       215
           7     0.8261    0.8424    0.8341       203
           8     0.9600    0.9610    0.9605      1821

    accuracy                         0.9355      3502
   macro avg     0.9163    0.9135    0.9139      3502
weighted avg     0.9361    0.9355    0.9352      3502
