              precision    recall  f1-score   support

           0     0.8498    0.8800    0.8646       225
           1     0.9220    0.9437    0.9327       213
           2     0.9282    0.9417    0.9349       206
           3     0.9235    0.8873    0.9050       204
           4     0.8821    0.9484    0.9140       213
           5     0.9559    0.9653    0.9606       202
           6     0.9401    0.9488    0.9444       215
           7     0.8113    0.8473    0.8289       203
           8     0.9692    0.9495    0.9592      1821

    accuracy                         0.9355      3502
   macro avg     0.9091    0.9236    0.9161      3502
weighted avg     0.9366    0.9355    0.9358      3502
