              precision    recall  f1-score   support

           0     0.8732    0.8991    0.8860       337
           1     0.9096    0.9467    0.9278       319
           2     0.9673    0.9579    0.9626       309
           3     0.9412    0.8339    0.8843       307
           4     0.8939    0.9248    0.9091       319
           5     0.9479    0.9604    0.9541       303
           6     0.9118    0.9627    0.9366       322
           7     0.8129    0.8689    0.8399       305
           8     0.9655    0.9517    0.9585      2732

    accuracy                         0.9362      5253
   macro avg     0.9137    0.9229    0.9177      5253
weighted avg     0.9373    0.9362    0.9364      5253
