              precision    recall  f1-score   support

           0     0.8802    0.8489    0.8643       225
           1     0.8982    0.9531    0.9248       213
           2     0.9608    0.9515    0.9561       206
           3     0.9693    0.7745    0.8610       204
           4     0.8426    0.9296    0.8839       213
           5     0.9372    0.9604    0.9487       202
           6     0.9273    0.9488    0.9379       215
           7     0.7605    0.8916    0.8209       203
           8     0.9682    0.9528    0.9604      1821

    accuracy                         0.9309      3502
   macro avg     0.9049    0.9123    0.9064      3502
weighted avg     0.9339    0.9309    0.9312      3502
