              precision    recall  f1-score   support

           0     0.8850    0.8889    0.8869       225
           1     0.9309    0.9484    0.9395       213
           2     0.9565    0.9612    0.9588       206
           3     0.9563    0.8578    0.9044       204
           4     0.8767    0.9343    0.9045       213
           5     0.9552    0.9505    0.9529       202
           6     0.8974    0.9767    0.9354       215
           7     0.7872    0.9113    0.8447       203
           8     0.9763    0.9500    0.9630      1821

    accuracy                         0.9397      3502
   macro avg     0.9135    0.9310    0.9211      3502
weighted avg     0.9423    0.9397    0.9403      3502
