              precision    recall  f1-score   support

           0     0.8274    0.8249    0.8262       337
           1     0.9000    0.9028    0.9014       319
           2     0.8813    0.9612    0.9195       309
           3     0.9281    0.8827    0.9048       307
           4     0.8963    0.9216    0.9088       319
           5     0.9276    0.9307    0.9292       303
           6     0.9215    0.9472    0.9342       322
           7     0.8188    0.8000    0.8093       305
           8     0.9560    0.9473    0.9516      2732

    accuracy                         0.9227      5253
   macro avg     0.8952    0.9021    0.8983      5253
weighted avg     0.9230    0.9227    0.9227      5253
