              precision    recall  f1-score   support

           0     0.8117    0.7418    0.7752       337
           1     0.8296    0.8088    0.8190       319
           2     0.9401    0.8641    0.9005       309
           3     0.9398    0.5081    0.6596       307
           4     0.8787    0.8401    0.8590       319
           5     0.8576    0.9142    0.8850       303
           6     0.7952    0.9286    0.8567       322
           7     0.7716    0.7311    0.7508       305
           8     0.8841    0.9356    0.9091      2732

    accuracy                         0.8669      5253
   macro avg     0.8565    0.8081    0.8239      5253
weighted avg     0.8689    0.8669    0.8631      5253
