              precision    recall  f1-score   support

           0     0.7878    0.8578    0.8213       225
           1     0.9563    0.8216    0.8838       213
           2     0.8960    0.8786    0.8873       206
           3     0.9200    0.6765    0.7797       204
           4     0.7481    0.9061    0.8195       213
           5     0.9430    0.9010    0.9215       202
           6     0.7731    0.9349    0.8463       215
           7     0.7789    0.7635    0.7711       203
           8     0.9299    0.9253    0.9276      1821

    accuracy                         0.8861      3502
   macro avg     0.8592    0.8517    0.8509      3502
weighted avg     0.8911    0.8861    0.8861      3502
