              precision    recall  f1-score   support

           0     0.8869    0.7448    0.8097       337
           1     0.8936    0.9216    0.9074       319
           2     0.9700    0.8382    0.8993       309
           3     0.9333    0.7752    0.8470       307
           4     0.7588    0.9467    0.8424       319
           5     0.9585    0.9142    0.9358       303
           6     0.9015    0.9379    0.9193       322
           7     0.7335    0.8754    0.7982       305
           8     0.9469    0.9473    0.9471      2732

    accuracy                         0.9096      5253
   macro avg     0.8870    0.8779    0.8785      5253
weighted avg     0.9145    0.9096    0.9099      5253
