              precision    recall  f1-score   support

           0     0.8649    0.8546    0.8597       337
           1     0.8988    0.9185    0.9085       319
           2     0.9553    0.9676    0.9614       309
           3     0.9504    0.7492    0.8379       307
           4     0.8967    0.9248    0.9105       319
           5     0.9404    0.9373    0.9388       303
           6     0.9319    0.9348    0.9333       322
           7     0.7804    0.8623    0.8193       305
           8     0.9512    0.9568    0.9540      2732

    accuracy                         0.9265      5253
   macro avg     0.9078    0.9007    0.9026      5253
weighted avg     0.9277    0.9265    0.9262      5253
