              precision    recall  f1-score   support

           0     0.8506    0.8279    0.8391       337
           1     0.8954    0.9122    0.9037       319
           2     0.9498    0.9191    0.9342       309
           3     0.9339    0.7362    0.8233       307
           4     0.8576    0.9060    0.8811       319
           5     0.9279    0.9340    0.9309       303
           6     0.8855    0.9130    0.8991       322
           7     0.8566    0.7836    0.8185       305
           8     0.9280    0.9531    0.9404      2732

    accuracy                         0.9117      5253
   macro avg     0.8984    0.8761    0.8856      5253
weighted avg     0.9117    0.9117    0.9107      5253
