              precision    recall  f1-score   support

           0     0.8647    0.8724    0.8685       337
           1     0.9579    0.9279    0.9427       319
           2     0.9678    0.9741    0.9710       309
           3     0.9764    0.8078    0.8841       307
           4     0.8843    0.9342    0.9085       319
           5     0.9664    0.9505    0.9584       303
           6     0.9199    0.9627    0.9408       322
           7     0.8322    0.8295    0.8309       305
           8     0.9580    0.9689    0.9634      2732

    accuracy                         0.9395      5253
   macro avg     0.9253    0.9142    0.9187      5253
weighted avg     0.9400    0.9395    0.9392      5253
