              precision    recall  f1-score   support

           0     0.8218    0.7389    0.7781       337
           1     0.8521    0.8307    0.8413       319
           2     0.9422    0.8447    0.8908       309
           3     0.9118    0.6059    0.7280       307
           4     0.8669    0.8777    0.8723       319
           5     0.9049    0.9109    0.9079       303
           6     0.8384    0.9348    0.8840       322
           7     0.7624    0.7574    0.7599       305
           8     0.8944    0.9389    0.9161      2732

    accuracy                         0.8784      5253
   macro avg     0.8661    0.8266    0.8420      5253
weighted avg     0.8788    0.8784    0.8760      5253
