              precision    recall  f1-score   support

           0     0.8323    0.7953    0.8134       337
           1     0.8247    0.8997    0.8606       319
           2     0.9631    0.9288    0.9456       309
           3     0.9299    0.8208    0.8720       307
           4     0.8506    0.9279    0.8876       319
           5     0.9614    0.9043    0.9320       303
           6     0.9482    0.9099    0.9287       322
           7     0.7937    0.8328    0.8128       305
           8     0.9415    0.9484    0.9449      2732

    accuracy                         0.9141      5253
   macro avg     0.8939    0.8853    0.8886      5253
weighted avg     0.9155    0.9141    0.9142      5253
