              precision    recall  f1-score   support

           0     0.7298    0.7774    0.7529       337
           1     0.8841    0.7649    0.8202       319
           2     0.9033    0.8770    0.8900       309
           3     0.8872    0.5635    0.6892       307
           4     0.7542    0.8464    0.7976       319
           5     0.9233    0.8746    0.8983       303
           6     0.7096    0.9410    0.8091       322
           7     0.7387    0.6951    0.7162       305
           8     0.9038    0.9143    0.9090      2732

    accuracy                         0.8563      5253
   macro avg     0.8260    0.8060    0.8092      5253
weighted avg     0.8610    0.8563    0.8549      5253
