              precision    recall  f1-score   support

           0     0.8665    0.8279    0.8467       337
           1     0.8708    0.8871    0.8789       319
           2     0.9475    0.9353    0.9414       309
           3     0.9091    0.7492    0.8214       307
           4     0.8838    0.9060    0.8947       319
           5     0.9129    0.9340    0.9233       303
           6     0.8689    0.9472    0.9064       322
           7     0.8094    0.7934    0.8013       305
           8     0.9410    0.9510    0.9459      2732

    accuracy                         0.9134      5253
   macro avg     0.8900    0.8812    0.8845      5253
weighted avg     0.9133    0.9134    0.9127      5253
